9280  9285  0     7488  7570  7485  7304  9990  8923  0     9990  3094  3642  3802  5429  5547  
5300  5324  5297  9079  8666  8666  8629  9990  7546  7572  7683  7754  7923  8641  9020  9072  
8097  2521  1359  1408  1408  9990  7052  7164  7033  6668  6668  6694  6802  9990  8619  9022  
9404  9283  9990  9109  8679  9064  9045  9042  9040  9990  8611  8731  8697  8725  8751  8658  
9638  9612  9600  6780  6724  6726  9990  9990  6756  9165  8298  8219  8171  7608  8249  8285  
8227  8219  9591  9621  9600  9990  8264  8202  8144  3360  3311  3285  3548  9990  4105  4419  
8110  8107  9990  9254  9346  8467  8512  8508  8480  9990  9990  8366  8363  8365  8366  8364  
9990  9990  1853  1906  9315  7948  7910  7977  9990  9227  9324  3968  3993  4035  4077  9990  
8526  8526  8523  8469  9990  5747  8309  8301  8306  7079  7177  7111  9990  5592  5574  6800  
6221  9990  6600  8049  8094  8094  8075  8013  9990  0     9990  9429  9375  8526  6828  6921  
6782  6763  9412  9462  9410  9513  9990  9382  5491  5493  5495  5503  5501  5492  9439  9005  
9218  9295  9302  7614  9990  3203  3188  50    32    34    6530  6526  6538  6604  8749  8793  
9990  9044  0     0     0     8230  6682  6576  6675  9990  6727  6782  9038  9042  9040  7736  
9166  9184  9162  0     0     0     0     9990  9323  9326  9326  9297  9307  9302  9990  9990  
6586  6599  6522  6530  9977  5445  5442  5416  5449  5441  5428  9963  6300  6721  6867  9485  
7950  7175  6461  3137  2     3     4     9248  7946  7980  7980  7460  7483  3204  1134  1189  
9381  9350  9379  9985  9352  9376  8297  8323  8323  8294  9974  8295  9006  9006  8964  9020  
9082  9378  9322  9377  9190  9301  9214  9982  9984  9289  6608  6574  6529  6608  6609  9985  
1144  1184  1192  1204  9984  5680  5632  5593  5638  9063  9036  9068  8862  9957  3932  3946  
9044  1251  1242  1307  8116  8116  8113  9990  9988  5717  6832  6806  6803  6820  6808  9989  
6796  6800  6793  6835  9987  9053  9063  9064  8207  8113  8116  8116  9989  5720  5722  5639  
5638  5589  9983  6750  6753  6749  6747  6746  6751  0     7753  9985  9582  9347  9401  9435  
7989  7935  9980  8006  8046  6918  6916  6926  7911  9984  9274  9281  9988  2123  9989  9987  
9509  9458  9474  7972  7980  8029  8021  9985  9373  9398  9274  9394  9390  9417  9424  9988  
9200  9207  9243  9984  5468  8072  8109  0     2340  2464  2452  2934  9986  1247  9582  9606  
9273  9272  9303  9988  9259  9211  9015  9014  8955  8020  9986  9289  0     7976  8011  7914  
6871  8091  6799  6828  6779  6748  6271  6062  1380  1382  1384  9982  9973  6757  6755  9262  
9015  9990  8844  8845  2578  2553  2580  2560  9986  2563  9135  9043  9098  9373  9987  9988  
8933  8580  9144  9121  9135  9080  9985  9116  9105  6764  6723  6778  6745  7775  9947  9748  
9989  2554  2578  2552  2553  2581  2578  2554  9982  9658  9686  9656  6448  6438  6472  6508  
9147  8691  8665  8688  7377  9987  2848  9477  9163  9176  0     8837  8891  8835  8970  9975  
